(kicad_pcb (version 20171130) (host pcbnew 5.1.6-c6e7f7d~87~ubuntu19.10.1)

  (general
    (thickness 1.6)
    (drawings 10)
    (tracks 205)
    (zones 0)
    (modules 17)
    (nets 28)
  )

  (page User 152.4 127)
  (layers
    (0 F.Cu signal)
    (31 B.Cu signal)
    (32 B.Adhes user hide)
    (33 F.Adhes user hide)
    (34 B.Paste user hide)
    (35 F.Paste user hide)
    (36 B.SilkS user)
    (37 F.SilkS user hide)
    (38 B.Mask user hide)
    (39 F.Mask user)
    (40 Dwgs.User user)
    (41 Cmts.User user)
    (42 Eco1.User user hide)
    (43 Eco2.User user hide)
    (44 Edge.Cuts user)
    (45 Margin user hide)
    (46 B.CrtYd user hide)
    (47 F.CrtYd user hide)
    (48 B.Fab user hide)
    (49 F.Fab user hide)
  )

  (setup
    (last_trace_width 0.25)
    (trace_clearance 0.2)
    (zone_clearance 0.508)
    (zone_45_only no)
    (trace_min 0.2)
    (via_size 0.6)
    (via_drill 0.4)
    (via_min_size 0.4)
    (via_min_drill 0.3)
    (uvia_size 0.3)
    (uvia_drill 0.1)
    (uvias_allowed no)
    (uvia_min_size 0.2)
    (uvia_min_drill 0.1)
    (edge_width 0.15)
    (segment_width 0.2)
    (pcb_text_width 0.3)
    (pcb_text_size 1.5 1.5)
    (mod_edge_width 0.15)
    (mod_text_size 1 1)
    (mod_text_width 0.15)
    (pad_size 1.175 1.9)
    (pad_drill 0)
    (pad_to_mask_clearance 0.2)
    (aux_axis_origin 0 0)
    (grid_origin 90.7796 46.2534)
    (visible_elements FFF9FF1F)
    (pcbplotparams
      (layerselection 0x01030_ffffffff)
      (usegerberextensions false)
      (usegerberattributes false)
      (usegerberadvancedattributes false)
      (creategerberjobfile false)
      (excludeedgelayer true)
      (linewidth 0.100000)
      (plotframeref false)
      (viasonmask false)
      (mode 1)
      (useauxorigin false)
      (hpglpennumber 1)
      (hpglpenspeed 20)
      (hpglpendiameter 15.000000)
      (psnegative false)
      (psa4output false)
      (plotreference true)
      (plotvalue true)
      (plotinvisibletext false)
      (padsonsilk false)
      (subtractmaskfromsilk false)
      (outputformat 1)
      (mirror false)
      (drillshape 0)
      (scaleselection 1)
      (outputdirectory "../gerbers_attiny2313a/"))
  )

  (net 0 "")
  (net 1 GND)
  (net 2 +5V)
  (net 3 +BATT)
  (net 4 PD0_Col1)
  (net 5 PD1_Row5)
  (net 6 PA1_Row3)
  (net 7 PA0_Col4)
  (net 8 PD2_Row8)
  (net 9 PD3_Col2)
  (net 10 PD4_Row2)
  (net 11 PD5_Row1)
  (net 12 PB0_Col5)
  (net 13 PB1_Col7)
  (net 14 PB2_Row7)
  (net 15 PB3_Row6)
  (net 16 PB4_Col8)
  (net 17 PB5_Row4)
  (net 18 PB6_Col6)
  (net 19 PB7_Col3)
  (net 20 Stdby)
  (net 21 Chrg)
  (net 22 "Net-(R3-Pad1)")
  (net 23 VCC)
  (net 24 "Net-(D1-Pad1)")
  (net 25 "Net-(D2-Pad1)")
  (net 26 "Net-(R5-Pad1)")
  (net 27 "Net-(R4-Pad1)")

  (net_class Default "This is the default net class."
    (clearance 0.2)
    (trace_width 0.25)
    (via_dia 0.6)
    (via_drill 0.4)
    (uvia_dia 0.3)
    (uvia_drill 0.1)
    (add_net Chrg)
    (add_net "Net-(D1-Pad1)")
    (add_net "Net-(D2-Pad1)")
    (add_net "Net-(R3-Pad1)")
    (add_net "Net-(R4-Pad1)")
    (add_net "Net-(R5-Pad1)")
    (add_net Stdby)
  )

  (net_class Pins ""
    (clearance 0.2)
    (trace_width 0.25)
    (via_dia 0.6)
    (via_drill 0.4)
    (uvia_dia 0.3)
    (uvia_drill 0.1)
    (add_net PA0_Col4)
    (add_net PA1_Row3)
    (add_net PB0_Col5)
    (add_net PB1_Col7)
    (add_net PB2_Row7)
    (add_net PB3_Row6)
    (add_net PB4_Col8)
    (add_net PB5_Row4)
    (add_net PB6_Col6)
    (add_net PB7_Col3)
    (add_net PD0_Col1)
    (add_net PD1_Row5)
    (add_net PD2_Row8)
    (add_net PD3_Col2)
    (add_net PD4_Row2)
    (add_net PD5_Row1)
  )

  (net_class Power ""
    (clearance 0.2)
    (trace_width 0.35)
    (via_dia 0.8)
    (via_drill 0.5)
    (uvia_dia 0.3)
    (uvia_drill 0.1)
    (add_net +5V)
    (add_net +BATT)
    (add_net GND)
    (add_net VCC)
  )

  (module Resistor_SMD:R_0603_1608Metric_Pad1.05x0.95mm_HandSolder (layer F.Cu) (tedit 5B301BBD) (tstamp 5B9894D2)
    (at 72.0296 50.1534 90)
    (descr "Resistor SMD 0603 (1608 Metric), square (rectangular) end terminal, IPC_7351 nominal with elongated pad for handsoldering. (Body size source: http://www.tortai-tech.com/upload/download/2011102023233369053.pdf), generated with kicad-footprint-generator")
    (tags "resistor handsolder")
    (path /5B8D5E03)
    (attr smd)
    (fp_text reference R5 (at 0 -1.43 90) (layer F.SilkS)
      (effects (font (size 1 1) (thickness 0.15)))
    )
    (fp_text value 1K (at 0 1.43 90) (layer F.Fab)
      (effects (font (size 1 1) (thickness 0.15)))
    )
    (fp_line (start 1.65 0.73) (end -1.65 0.73) (layer F.CrtYd) (width 0.05))
    (fp_line (start 1.65 -0.73) (end 1.65 0.73) (layer F.CrtYd) (width 0.05))
    (fp_line (start -1.65 -0.73) (end 1.65 -0.73) (layer F.CrtYd) (width 0.05))
    (fp_line (start -1.65 0.73) (end -1.65 -0.73) (layer F.CrtYd) (width 0.05))
    (fp_line (start -0.171267 0.51) (end 0.171267 0.51) (layer F.SilkS) (width 0.12))
    (fp_line (start -0.171267 -0.51) (end 0.171267 -0.51) (layer F.SilkS) (width 0.12))
    (fp_line (start 0.8 0.4) (end -0.8 0.4) (layer F.Fab) (width 0.1))
    (fp_line (start 0.8 -0.4) (end 0.8 0.4) (layer F.Fab) (width 0.1))
    (fp_line (start -0.8 -0.4) (end 0.8 -0.4) (layer F.Fab) (width 0.1))
    (fp_line (start -0.8 0.4) (end -0.8 -0.4) (layer F.Fab) (width 0.1))
    (fp_text user %R (at 0 0 90) (layer F.Fab)
      (effects (font (size 0.4 0.4) (thickness 0.06)))
    )
    (pad 2 smd roundrect (at 0.875 0 90) (size 1.05 0.95) (layers F.Cu F.Paste F.Mask) (roundrect_rratio 0.25)
      (net 23 VCC))
    (pad 1 smd roundrect (at -0.875 0 90) (size 1.05 0.95) (layers F.Cu F.Paste F.Mask) (roundrect_rratio 0.25)
      (net 26 "Net-(R5-Pad1)"))
    (model ${KISYS3DMOD}/Resistor_SMD.3dshapes/R_0603_1608Metric.wrl
      (at (xyz 0 0 0))
      (scale (xyz 1 1 1))
      (rotate (xyz 0 0 0))
    )
  )

  (module Connector_Wire:SolderWirePad_1x01_SMD_1x2mm (layer B.Cu) (tedit 5F9FFDBA) (tstamp 5FA0997F)
    (at 85.0796 43.2534)
    (descr "Wire Pad, Square, SMD Pad,  5mm x 10mm,")
    (tags "MesurementPoint Square SMDPad 5mmx10mm ")
    (path /5FA7FD3F)
    (attr virtual)
    (fp_text reference J3 (at 0 2.54 180) (layer B.SilkS)
      (effects (font (size 1 1) (thickness 0.15)) (justify mirror))
    )
    (fp_text value GND (at 0 -2.54 180) (layer B.Fab)
      (effects (font (size 1 1) (thickness 0.15)) (justify mirror))
    )
    (fp_line (start -0.63 -1.27) (end -0.63 1.27) (layer B.Fab) (width 0.1))
    (fp_line (start 0.63 -1.27) (end -0.63 -1.27) (layer B.Fab) (width 0.1))
    (fp_line (start 0.63 1.27) (end 0.63 -1.27) (layer B.Fab) (width 0.1))
    (fp_line (start -0.63 1.27) (end 0.63 1.27) (layer B.Fab) (width 0.1))
    (fp_line (start -0.63 1.27) (end -0.63 -1.27) (layer B.CrtYd) (width 0.05))
    (fp_line (start -0.63 -1.27) (end 0.63 -1.27) (layer B.CrtYd) (width 0.05))
    (fp_line (start 0.63 -1.27) (end 0.63 1.27) (layer B.CrtYd) (width 0.05))
    (fp_line (start 0.63 1.27) (end -0.63 1.27) (layer B.CrtYd) (width 0.05))
    (fp_text user %R (at 0 0 180) (layer B.Fab)
      (effects (font (size 1 1) (thickness 0.15)) (justify mirror))
    )
    (pad 1 smd roundrect (at 0 0) (size 1.5 2.25) (layers B.Cu B.Paste B.Mask) (roundrect_rratio 0.25)
      (net 1 GND))
  )

  (module Connector_Wire:SolderWirePad_1x01_SMD_1x2mm (layer B.Cu) (tedit 5F9FFDAB) (tstamp 5FA09975)
    (at 85.0796 49.7034)
    (descr "Wire Pad, Square, SMD Pad,  5mm x 10mm,")
    (tags "MesurementPoint Square SMDPad 5mmx10mm ")
    (path /5FA7F83C)
    (attr virtual)
    (fp_text reference J2 (at 0 2.54) (layer B.SilkS)
      (effects (font (size 1 1) (thickness 0.15)) (justify mirror))
    )
    (fp_text value VBAT (at 0 -2.54) (layer B.Fab)
      (effects (font (size 1 1) (thickness 0.15)) (justify mirror))
    )
    (fp_line (start -0.63 -1.27) (end -0.63 1.27) (layer B.Fab) (width 0.1))
    (fp_line (start 0.63 -1.27) (end -0.63 -1.27) (layer B.Fab) (width 0.1))
    (fp_line (start 0.63 1.27) (end 0.63 -1.27) (layer B.Fab) (width 0.1))
    (fp_line (start -0.63 1.27) (end 0.63 1.27) (layer B.Fab) (width 0.1))
    (fp_line (start -0.63 1.27) (end -0.63 -1.27) (layer B.CrtYd) (width 0.05))
    (fp_line (start -0.63 -1.27) (end 0.63 -1.27) (layer B.CrtYd) (width 0.05))
    (fp_line (start 0.63 -1.27) (end 0.63 1.27) (layer B.CrtYd) (width 0.05))
    (fp_line (start 0.63 1.27) (end -0.63 1.27) (layer B.CrtYd) (width 0.05))
    (fp_text user %R (at 0 0) (layer B.Fab)
      (effects (font (size 1 1) (thickness 0.15)) (justify mirror))
    )
    (pad 1 smd roundrect (at 0 0) (size 1.5 2.25) (layers B.Cu B.Paste B.Mask) (roundrect_rratio 0.25)
      (net 3 +BATT))
  )

  (module Capacitor_SMD:C_0603_1608Metric_Pad1.05x0.95mm_HandSolder (layer B.Cu) (tedit 5B301BBE) (tstamp 5FA01216)
    (at 82.7796 42.0784 90)
    (descr "Capacitor SMD 0603 (1608 Metric), square (rectangular) end terminal, IPC_7351 nominal with elongated pad for handsoldering. (Body size source: http://www.tortai-tech.com/upload/download/2011102023233369053.pdf), generated with kicad-footprint-generator")
    (tags "capacitor handsolder")
    (path /5FA1249D)
    (attr smd)
    (fp_text reference C2 (at 0 1.43 270) (layer B.SilkS)
      (effects (font (size 1 1) (thickness 0.15)) (justify mirror))
    )
    (fp_text value 10uF (at 0 -1.43 270) (layer B.Fab)
      (effects (font (size 1 1) (thickness 0.15)) (justify mirror))
    )
    (fp_line (start 1.65 -0.73) (end -1.65 -0.73) (layer B.CrtYd) (width 0.05))
    (fp_line (start 1.65 0.73) (end 1.65 -0.73) (layer B.CrtYd) (width 0.05))
    (fp_line (start -1.65 0.73) (end 1.65 0.73) (layer B.CrtYd) (width 0.05))
    (fp_line (start -1.65 -0.73) (end -1.65 0.73) (layer B.CrtYd) (width 0.05))
    (fp_line (start -0.171267 -0.51) (end 0.171267 -0.51) (layer B.SilkS) (width 0.12))
    (fp_line (start -0.171267 0.51) (end 0.171267 0.51) (layer B.SilkS) (width 0.12))
    (fp_line (start 0.8 -0.4) (end -0.8 -0.4) (layer B.Fab) (width 0.1))
    (fp_line (start 0.8 0.4) (end 0.8 -0.4) (layer B.Fab) (width 0.1))
    (fp_line (start -0.8 0.4) (end 0.8 0.4) (layer B.Fab) (width 0.1))
    (fp_line (start -0.8 -0.4) (end -0.8 0.4) (layer B.Fab) (width 0.1))
    (fp_text user %R (at 0 0 270) (layer B.Fab)
      (effects (font (size 0.4 0.4) (thickness 0.06)) (justify mirror))
    )
    (pad 2 smd roundrect (at 0.875 0 90) (size 1.05 0.95) (layers B.Cu B.Paste B.Mask) (roundrect_rratio 0.25)
      (net 1 GND))
    (pad 1 smd roundrect (at -0.875 0 90) (size 1.05 0.95) (layers B.Cu B.Paste B.Mask) (roundrect_rratio 0.25)
      (net 2 +5V))
    (model ${KISYS3DMOD}/Capacitor_SMD.3dshapes/C_0603_1608Metric.wrl
      (at (xyz 0 0 0))
      (scale (xyz 1 1 1))
      (rotate (xyz 0 0 0))
    )
  )

  (module Package_SO:Diodes_SO-8EP (layer B.Cu) (tedit 5B8826E6) (tstamp 5B98818C)
    (at 79.1296 45.8724 270)
    (descr "8-Lead Plastic SO, Exposed Die Pad (see https://www.diodes.com/assets/Package-Files/SO-8EP.pdf)")
    (tags "SO exposed pad")
    (path /59CFFF5D)
    (attr smd)
    (fp_text reference U2 (at 0 3.3 90) (layer B.SilkS)
      (effects (font (size 1 1) (thickness 0.15)) (justify mirror))
    )
    (fp_text value TP4056 (at 0 -3.4 90) (layer B.Fab)
      (effects (font (size 1 1) (thickness 0.15)) (justify mirror))
    )
    (fp_line (start -2.075 -2.575) (end 2.075 -2.575) (layer B.SilkS) (width 0.15))
    (fp_line (start -3.175 2.575) (end 2.075 2.575) (layer B.SilkS) (width 0.15))
    (fp_line (start -3.5 -2.55) (end 3.5 -2.55) (layer B.CrtYd) (width 0.05))
    (fp_line (start -3.5 2.55) (end 3.5 2.55) (layer B.CrtYd) (width 0.05))
    (fp_line (start 3.5 2.55) (end 3.5 -2.55) (layer B.CrtYd) (width 0.05))
    (fp_line (start -3.5 2.55) (end -3.5 -2.55) (layer B.CrtYd) (width 0.05))
    (fp_line (start -1.95 1.45) (end -0.95 2.45) (layer B.Fab) (width 0.15))
    (fp_line (start -1.95 -2.45) (end -1.95 1.45) (layer B.Fab) (width 0.15))
    (fp_line (start 1.95 -2.45) (end -1.95 -2.45) (layer B.Fab) (width 0.15))
    (fp_line (start 1.95 2.45) (end 1.95 -2.45) (layer B.Fab) (width 0.15))
    (fp_line (start -0.95 2.45) (end 1.95 2.45) (layer B.Fab) (width 0.15))
    (fp_text user %R (at 0 0 90) (layer B.Fab)
      (effects (font (size 1 1) (thickness 0.15)) (justify mirror))
    )
    (pad 9 smd rect (at 0 0 270) (size 2.613 3.502) (layers B.Cu B.Paste B.Mask)
      (net 1 GND) (solder_paste_margin_ratio -0.2))
    (pad 8 smd rect (at 2.4975 1.905 270) (size 1.505 0.802) (layers B.Cu B.Paste B.Mask)
      (net 27 "Net-(R4-Pad1)"))
    (pad 7 smd rect (at 2.4975 0.635 270) (size 1.505 0.802) (layers B.Cu B.Paste B.Mask)
      (net 21 Chrg))
    (pad 6 smd rect (at 2.4975 -0.635 270) (size 1.505 0.802) (layers B.Cu B.Paste B.Mask)
      (net 20 Stdby))
    (pad 5 smd rect (at 2.4975 -1.905 270) (size 1.505 0.802) (layers B.Cu B.Paste B.Mask)
      (net 3 +BATT))
    (pad 4 smd rect (at -2.4975 -1.905 270) (size 1.505 0.802) (layers B.Cu B.Paste B.Mask)
      (net 2 +5V))
    (pad 3 smd rect (at -2.4975 -0.635 270) (size 1.505 0.802) (layers B.Cu B.Paste B.Mask)
      (net 1 GND))
    (pad 2 smd rect (at -2.4975 0.635 270) (size 1.505 0.802) (layers B.Cu B.Paste B.Mask)
      (net 22 "Net-(R3-Pad1)"))
    (pad 1 smd rect (at -2.4975 1.905 270) (size 1.505 0.802) (layers B.Cu B.Paste B.Mask)
      (net 1 GND))
    (model ${KISYS3DMOD}/Package_SO.3dshapes/Diodes_SO-8EP.wrl
      (at (xyz 0 0 0))
      (scale (xyz 1 1 1))
      (rotate (xyz 0 0 0))
    )
  )

  (module led_matrix:ASR788 locked (layer F.Cu) (tedit 5978C208) (tstamp 59CB837A)
    (at 76.8477 46.0502)
    (path /5B11DEBA)
    (fp_text reference Led1 (at 0 1) (layer F.SilkS)
      (effects (font (size 1 1) (thickness 0.15)))
    )
    (fp_text value 788ASR_A (at 0 -0.9) (layer F.Fab)
      (effects (font (size 1 1) (thickness 0.15)))
    )
    (fp_circle (center 4.3 -3.2) (end 5.1 -3.2) (layer Dwgs.User) (width 0.1))
    (fp_line (start 6 10) (end -10 10) (layer F.SilkS) (width 0.15))
    (fp_line (start -10 10) (end -10 -10) (layer F.SilkS) (width 0.15))
    (fp_line (start -10 -10) (end 10 -10) (layer F.SilkS) (width 0.15))
    (fp_line (start 10 -10) (end 10 10) (layer F.SilkS) (width 0.15))
    (fp_line (start 10 10) (end 6 10) (layer F.SilkS) (width 0.15))
    (pad 1 thru_hole circle (at -8.75 7) (size 1.524 1.524) (drill 0.762) (layers *.Cu *.Mask)
      (net 4 PD0_Col1))
    (pad 2 thru_hole circle (at -6.25 7) (size 1.524 1.524) (drill 0.762) (layers *.Cu *.Mask)
      (net 5 PD1_Row5))
    (pad 3 thru_hole circle (at -3.75 7) (size 1.524 1.524) (drill 0.762) (layers *.Cu *.Mask)
      (net 6 PA1_Row3))
    (pad 4 thru_hole circle (at -1.25 7) (size 1.524 1.524) (drill 0.762) (layers *.Cu *.Mask)
      (net 7 PA0_Col4))
    (pad 5 thru_hole circle (at 1.25 7) (size 1.524 1.524) (drill 0.762) (layers *.Cu *.Mask)
      (net 8 PD2_Row8))
    (pad 6 thru_hole circle (at 3.75 7) (size 1.524 1.524) (drill 0.762) (layers *.Cu *.Mask)
      (net 9 PD3_Col2))
    (pad 7 thru_hole circle (at 6.25 7) (size 1.524 1.524) (drill 0.762) (layers *.Cu *.Mask)
      (net 10 PD4_Row2))
    (pad 8 thru_hole circle (at 8.75 7) (size 1.524 1.524) (drill 0.762) (layers *.Cu *.Mask)
      (net 11 PD5_Row1))
    (pad 9 thru_hole circle (at 8.75 -7) (size 1.524 1.524) (drill 0.762) (layers *.Cu *.Mask)
      (net 12 PB0_Col5))
    (pad 10 thru_hole circle (at 6.25 -7) (size 1.524 1.524) (drill 0.762) (layers *.Cu *.Mask)
      (net 13 PB1_Col7))
    (pad 11 thru_hole circle (at 3.75 -7) (size 1.524 1.524) (drill 0.762) (layers *.Cu *.Mask)
      (net 14 PB2_Row7))
    (pad 12 thru_hole circle (at 1.25 -7) (size 1.524 1.524) (drill 0.762) (layers *.Cu *.Mask)
      (net 15 PB3_Row6))
    (pad 13 thru_hole circle (at -1.25 -7) (size 1.524 1.524) (drill 0.762) (layers *.Cu *.Mask)
      (net 16 PB4_Col8))
    (pad 14 thru_hole circle (at -3.75 -7) (size 1.524 1.524) (drill 0.762) (layers *.Cu *.Mask)
      (net 17 PB5_Row4))
    (pad 15 thru_hole circle (at -6.25 -7) (size 1.524 1.524) (drill 0.762) (layers *.Cu *.Mask)
      (net 18 PB6_Col6))
    (pad 16 thru_hole circle (at -8.75 -7) (size 1.524 1.524) (drill 0.762) (layers *.Cu *.Mask)
      (net 19 PB7_Col3))
  )

  (module Buttons_Switches_SMD:SW_SPDT_PCM12 (layer F.Cu) (tedit 5FA03A3A) (tstamp 59D02ACA)
    (at 68.8296 46.0034 270)
    (descr "Ultraminiature Surface Mount Slide Switch")
    (path /59CF74A3)
    (attr smd)
    (fp_text reference SW1 (at 0 -3.2 270) (layer F.SilkS)
      (effects (font (size 1 1) (thickness 0.15)))
    )
    (fp_text value SW_SPDT (at 0 4.25 270) (layer F.Fab)
      (effects (font (size 1 1) (thickness 0.15)))
    )
    (fp_line (start -1.4 1.65) (end -1.4 2.95) (layer F.Fab) (width 0.1))
    (fp_line (start -1.4 2.95) (end -1.2 3.15) (layer F.Fab) (width 0.1))
    (fp_line (start -1.2 3.15) (end -0.35 3.15) (layer F.Fab) (width 0.1))
    (fp_line (start -0.35 3.15) (end -0.15 2.95) (layer F.Fab) (width 0.1))
    (fp_line (start -0.15 2.95) (end -0.1 2.9) (layer F.Fab) (width 0.1))
    (fp_line (start -0.1 2.9) (end -0.1 1.6) (layer F.Fab) (width 0.1))
    (fp_line (start -3.35 -1) (end -3.35 1.6) (layer F.Fab) (width 0.1))
    (fp_line (start -3.35 1.6) (end 3.35 1.6) (layer F.Fab) (width 0.1))
    (fp_line (start 3.35 1.6) (end 3.35 -1) (layer F.Fab) (width 0.1))
    (fp_line (start 3.35 -1) (end -3.35 -1) (layer F.Fab) (width 0.1))
    (fp_line (start 1.4 -1.12) (end 1.6 -1.12) (layer F.SilkS) (width 0.12))
    (fp_line (start -4.4 -2.45) (end 4.4 -2.45) (layer F.CrtYd) (width 0.05))
    (fp_line (start 4.4 -2.45) (end 4.4 2.1) (layer F.CrtYd) (width 0.05))
    (fp_line (start 4.4 2.1) (end 1.65 2.1) (layer F.CrtYd) (width 0.05))
    (fp_line (start 1.65 2.1) (end 1.65 3.4) (layer F.CrtYd) (width 0.05))
    (fp_line (start 1.65 3.4) (end -1.65 3.4) (layer F.CrtYd) (width 0.05))
    (fp_line (start -1.65 3.4) (end -1.65 2.1) (layer F.CrtYd) (width 0.05))
    (fp_line (start -1.65 2.1) (end -4.4 2.1) (layer F.CrtYd) (width 0.05))
    (fp_line (start -4.4 2.1) (end -4.4 -2.45) (layer F.CrtYd) (width 0.05))
    (fp_line (start -1.4 3.02) (end -1.2 3.23) (layer F.SilkS) (width 0.12))
    (fp_line (start -0.1 3.02) (end -0.3 3.23) (layer F.SilkS) (width 0.12))
    (fp_line (start -1.4 1.73) (end -1.4 3.02) (layer F.SilkS) (width 0.12))
    (fp_line (start -1.2 3.23) (end -0.3 3.23) (layer F.SilkS) (width 0.12))
    (fp_line (start -0.1 3.02) (end -0.1 1.73) (layer F.SilkS) (width 0.12))
    (fp_line (start -2.85 1.73) (end 2.85 1.73) (layer F.SilkS) (width 0.12))
    (fp_line (start -1.6 -1.12) (end 0.1 -1.12) (layer F.SilkS) (width 0.12))
    (fp_line (start -3.45 -0.07) (end -3.45 0.72) (layer F.SilkS) (width 0.12))
    (fp_line (start 3.45 0.72) (end 3.45 -0.07) (layer F.SilkS) (width 0.12))
    (fp_text user %R (at 0 -3.2 270) (layer F.Fab)
      (effects (font (size 1 1) (thickness 0.15)))
    )
    (pad "" np_thru_hole circle (at -1.5 0.33 270) (size 0.9 0.9) (drill 0.9) (layers *.Cu *.Mask))
    (pad "" np_thru_hole circle (at 1.5 0.33 270) (size 0.9 0.9) (drill 0.9) (layers *.Cu *.Mask))
    (pad 1 smd rect (at -2.25 -1.43 270) (size 0.7 1.5) (layers F.Cu F.Paste F.Mask))
    (pad 2 smd rect (at 0.75 -1.43 270) (size 0.7 1.5) (layers F.Cu F.Paste F.Mask)
      (net 23 VCC))
    (pad 3 smd rect (at 2.25 -1.43 270) (size 0.7 1.5) (layers F.Cu F.Paste F.Mask)
      (net 3 +BATT))
    (pad "" smd rect (at -3.65 1.43 270) (size 1 0.8) (layers F.Cu F.Paste F.Mask))
    (pad "" smd rect (at 3.65 1.43 270) (size 1 0.8) (layers F.Cu F.Paste F.Mask))
    (pad "" smd rect (at 3.65 -0.78 270) (size 1 0.8) (layers F.Cu F.Paste F.Mask))
    (pad "" smd rect (at -3.65 -0.78 270) (size 1 0.8) (layers F.Cu F.Paste F.Mask))
    (model ${KISYS3DMOD}/Buttons_Switches_SMD.3dshapes/SW_SPDT_PCM12.wrl
      (at (xyz 0 0 0))
      (scale (xyz 1 1 1))
      (rotate (xyz 0 0 0))
    )
  )

  (module Capacitor_SMD:C_0603_1608Metric_Pad1.05x0.95mm_HandSolder (layer B.Cu) (tedit 5B301BBE) (tstamp 5B9880B8)
    (at 74.7546 44.4034)
    (descr "Capacitor SMD 0603 (1608 Metric), square (rectangular) end terminal, IPC_7351 nominal with elongated pad for handsoldering. (Body size source: http://www.tortai-tech.com/upload/download/2011102023233369053.pdf), generated with kicad-footprint-generator")
    (tags "capacitor handsolder")
    (path /5B12D3A2)
    (attr smd)
    (fp_text reference C1 (at 0 1.43) (layer B.SilkS)
      (effects (font (size 1 1) (thickness 0.15)) (justify mirror))
    )
    (fp_text value 10uF (at 0 -1.43) (layer B.Fab)
      (effects (font (size 1 1) (thickness 0.15)) (justify mirror))
    )
    (fp_line (start -0.8 -0.4) (end -0.8 0.4) (layer B.Fab) (width 0.1))
    (fp_line (start -0.8 0.4) (end 0.8 0.4) (layer B.Fab) (width 0.1))
    (fp_line (start 0.8 0.4) (end 0.8 -0.4) (layer B.Fab) (width 0.1))
    (fp_line (start 0.8 -0.4) (end -0.8 -0.4) (layer B.Fab) (width 0.1))
    (fp_line (start -0.171267 0.51) (end 0.171267 0.51) (layer B.SilkS) (width 0.12))
    (fp_line (start -0.171267 -0.51) (end 0.171267 -0.51) (layer B.SilkS) (width 0.12))
    (fp_line (start -1.65 -0.73) (end -1.65 0.73) (layer B.CrtYd) (width 0.05))
    (fp_line (start -1.65 0.73) (end 1.65 0.73) (layer B.CrtYd) (width 0.05))
    (fp_line (start 1.65 0.73) (end 1.65 -0.73) (layer B.CrtYd) (width 0.05))
    (fp_line (start 1.65 -0.73) (end -1.65 -0.73) (layer B.CrtYd) (width 0.05))
    (fp_text user %R (at 0 0) (layer B.Fab)
      (effects (font (size 0.4 0.4) (thickness 0.06)) (justify mirror))
    )
    (pad 1 smd roundrect (at -0.875 0) (size 1.05 0.95) (layers B.Cu B.Paste B.Mask) (roundrect_rratio 0.25)
      (net 23 VCC))
    (pad 2 smd roundrect (at 0.875 0) (size 1.05 0.95) (layers B.Cu B.Paste B.Mask) (roundrect_rratio 0.25)
      (net 1 GND))
    (model ${KISYS3DMOD}/Capacitor_SMD.3dshapes/C_0603_1608Metric.wrl
      (at (xyz 0 0 0))
      (scale (xyz 1 1 1))
      (rotate (xyz 0 0 0))
    )
  )

  (module Capacitor_SMD:C_0603_1608Metric_Pad1.05x0.95mm_HandSolder (layer B.Cu) (tedit 5B301BBE) (tstamp 5B9880C9)
    (at 83.4296 46.4784 90)
    (descr "Capacitor SMD 0603 (1608 Metric), square (rectangular) end terminal, IPC_7351 nominal with elongated pad for handsoldering. (Body size source: http://www.tortai-tech.com/upload/download/2011102023233369053.pdf), generated with kicad-footprint-generator")
    (tags "capacitor handsolder")
    (path /5B12D3FA)
    (attr smd)
    (fp_text reference C3 (at 0 1.43 -90) (layer B.SilkS)
      (effects (font (size 1 1) (thickness 0.15)) (justify mirror))
    )
    (fp_text value 10uF (at 0 -1.43 -90) (layer B.Fab)
      (effects (font (size 1 1) (thickness 0.15)) (justify mirror))
    )
    (fp_line (start 1.65 -0.73) (end -1.65 -0.73) (layer B.CrtYd) (width 0.05))
    (fp_line (start 1.65 0.73) (end 1.65 -0.73) (layer B.CrtYd) (width 0.05))
    (fp_line (start -1.65 0.73) (end 1.65 0.73) (layer B.CrtYd) (width 0.05))
    (fp_line (start -1.65 -0.73) (end -1.65 0.73) (layer B.CrtYd) (width 0.05))
    (fp_line (start -0.171267 -0.51) (end 0.171267 -0.51) (layer B.SilkS) (width 0.12))
    (fp_line (start -0.171267 0.51) (end 0.171267 0.51) (layer B.SilkS) (width 0.12))
    (fp_line (start 0.8 -0.4) (end -0.8 -0.4) (layer B.Fab) (width 0.1))
    (fp_line (start 0.8 0.4) (end 0.8 -0.4) (layer B.Fab) (width 0.1))
    (fp_line (start -0.8 0.4) (end 0.8 0.4) (layer B.Fab) (width 0.1))
    (fp_line (start -0.8 -0.4) (end -0.8 0.4) (layer B.Fab) (width 0.1))
    (fp_text user %R (at 0 0 -90) (layer B.Fab)
      (effects (font (size 0.4 0.4) (thickness 0.06)) (justify mirror))
    )
    (pad 2 smd roundrect (at 0.875 0 90) (size 1.05 0.95) (layers B.Cu B.Paste B.Mask) (roundrect_rratio 0.25)
      (net 1 GND))
    (pad 1 smd roundrect (at -0.875 0 90) (size 1.05 0.95) (layers B.Cu B.Paste B.Mask) (roundrect_rratio 0.25)
      (net 3 +BATT))
    (model ${KISYS3DMOD}/Capacitor_SMD.3dshapes/C_0603_1608Metric.wrl
      (at (xyz 0 0 0))
      (scale (xyz 1 1 1))
      (rotate (xyz 0 0 0))
    )
  )

  (module LED_SMD:LED_0603_1608Metric_Pad1.05x0.95mm_HandSolder (layer B.Cu) (tedit 5B4B45C9) (tstamp 5B9880DC)
    (at 80.9546 54.9974 180)
    (descr "LED SMD 0603 (1608 Metric), square (rectangular) end terminal, IPC_7351 nominal, (Body size source: http://www.tortai-tech.com/upload/download/2011102023233369053.pdf), generated with kicad-footprint-generator")
    (tags "LED handsolder")
    (path /5B12B788)
    (attr smd)
    (fp_text reference D1 (at 0 1.43 180) (layer B.SilkS)
      (effects (font (size 1 1) (thickness 0.15)) (justify mirror))
    )
    (fp_text value Green (at 0 -1.43 180) (layer B.Fab)
      (effects (font (size 1 1) (thickness 0.15)) (justify mirror))
    )
    (fp_line (start 0.8 0.4) (end -0.5 0.4) (layer B.Fab) (width 0.1))
    (fp_line (start -0.5 0.4) (end -0.8 0.1) (layer B.Fab) (width 0.1))
    (fp_line (start -0.8 0.1) (end -0.8 -0.4) (layer B.Fab) (width 0.1))
    (fp_line (start -0.8 -0.4) (end 0.8 -0.4) (layer B.Fab) (width 0.1))
    (fp_line (start 0.8 -0.4) (end 0.8 0.4) (layer B.Fab) (width 0.1))
    (fp_line (start 0.8 0.735) (end -1.66 0.735) (layer B.SilkS) (width 0.12))
    (fp_line (start -1.66 0.735) (end -1.66 -0.735) (layer B.SilkS) (width 0.12))
    (fp_line (start -1.66 -0.735) (end 0.8 -0.735) (layer B.SilkS) (width 0.12))
    (fp_line (start -1.65 -0.73) (end -1.65 0.73) (layer B.CrtYd) (width 0.05))
    (fp_line (start -1.65 0.73) (end 1.65 0.73) (layer B.CrtYd) (width 0.05))
    (fp_line (start 1.65 0.73) (end 1.65 -0.73) (layer B.CrtYd) (width 0.05))
    (fp_line (start 1.65 -0.73) (end -1.65 -0.73) (layer B.CrtYd) (width 0.05))
    (fp_text user %R (at 0 0 180) (layer B.Fab)
      (effects (font (size 0.4 0.4) (thickness 0.06)) (justify mirror))
    )
    (pad 1 smd roundrect (at -0.875 0 180) (size 1.05 0.95) (layers B.Cu B.Paste B.Mask) (roundrect_rratio 0.25)
      (net 24 "Net-(D1-Pad1)"))
    (pad 2 smd roundrect (at 0.875 0 180) (size 1.05 0.95) (layers B.Cu B.Paste B.Mask) (roundrect_rratio 0.25)
      (net 2 +5V))
    (model ${KISYS3DMOD}/LED_SMD.3dshapes/LED_0603_1608Metric.wrl
      (at (xyz 0 0 0))
      (scale (xyz 1 1 1))
      (rotate (xyz 0 0 0))
    )
  )

  (module LED_SMD:LED_0603_1608Metric_Pad1.05x0.95mm_HandSolder (layer B.Cu) (tedit 5B4B45C9) (tstamp 5B9880EF)
    (at 71.4796 55.0034 180)
    (descr "LED SMD 0603 (1608 Metric), square (rectangular) end terminal, IPC_7351 nominal, (Body size source: http://www.tortai-tech.com/upload/download/2011102023233369053.pdf), generated with kicad-footprint-generator")
    (tags "LED handsolder")
    (path /5B12B82A)
    (attr smd)
    (fp_text reference D2 (at 0 1.43) (layer B.SilkS)
      (effects (font (size 1 1) (thickness 0.15)) (justify mirror))
    )
    (fp_text value Red (at 0 -1.43) (layer B.Fab)
      (effects (font (size 1 1) (thickness 0.15)) (justify mirror))
    )
    (fp_line (start 1.65 -0.73) (end -1.65 -0.73) (layer B.CrtYd) (width 0.05))
    (fp_line (start 1.65 0.73) (end 1.65 -0.73) (layer B.CrtYd) (width 0.05))
    (fp_line (start -1.65 0.73) (end 1.65 0.73) (layer B.CrtYd) (width 0.05))
    (fp_line (start -1.65 -0.73) (end -1.65 0.73) (layer B.CrtYd) (width 0.05))
    (fp_line (start -1.66 -0.735) (end 0.8 -0.735) (layer B.SilkS) (width 0.12))
    (fp_line (start -1.66 0.735) (end -1.66 -0.735) (layer B.SilkS) (width 0.12))
    (fp_line (start 0.8 0.735) (end -1.66 0.735) (layer B.SilkS) (width 0.12))
    (fp_line (start 0.8 -0.4) (end 0.8 0.4) (layer B.Fab) (width 0.1))
    (fp_line (start -0.8 -0.4) (end 0.8 -0.4) (layer B.Fab) (width 0.1))
    (fp_line (start -0.8 0.1) (end -0.8 -0.4) (layer B.Fab) (width 0.1))
    (fp_line (start -0.5 0.4) (end -0.8 0.1) (layer B.Fab) (width 0.1))
    (fp_line (start 0.8 0.4) (end -0.5 0.4) (layer B.Fab) (width 0.1))
    (fp_text user %R (at 0 0) (layer B.Fab)
      (effects (font (size 0.4 0.4) (thickness 0.06)) (justify mirror))
    )
    (pad 2 smd roundrect (at 0.875 0 180) (size 1.05 0.95) (layers B.Cu B.Paste B.Mask) (roundrect_rratio 0.25)
      (net 2 +5V))
    (pad 1 smd roundrect (at -0.875 0 180) (size 1.05 0.95) (layers B.Cu B.Paste B.Mask) (roundrect_rratio 0.25)
      (net 25 "Net-(D2-Pad1)"))
    (model ${KISYS3DMOD}/LED_SMD.3dshapes/LED_0603_1608Metric.wrl
      (at (xyz 0 0 0))
      (scale (xyz 1 1 1))
      (rotate (xyz 0 0 0))
    )
  )

  (module Connector_USB:USB_Micro-B_Molex_47346-0001 (layer B.Cu) (tedit 5FA03C02) (tstamp 5FA0F22A)
    (at 69.4436 46.0484 90)
    (descr "Micro USB B receptable with flange, bottom-mount, SMD, right-angle (http://www.molex.com/pdm_docs/sd/473460001_sd.pdf)")
    (tags "Micro B USB SMD")
    (path /59CF6792)
    (attr smd)
    (fp_text reference J1 (at 0 3.3 -90) (layer B.SilkS)
      (effects (font (size 1 1) (thickness 0.15)) (justify mirror))
    )
    (fp_text value USB (at 0 -4.6 -90) (layer B.Fab)
      (effects (font (size 1 1) (thickness 0.15)) (justify mirror))
    )
    (fp_line (start 3.81 1.71) (end 3.43 1.71) (layer B.SilkS) (width 0.12))
    (fp_line (start 4.6 -3.9) (end -4.6 -3.9) (layer B.CrtYd) (width 0.05))
    (fp_line (start 4.6 2.7) (end 4.6 -3.9) (layer B.CrtYd) (width 0.05))
    (fp_line (start -4.6 2.7) (end 4.6 2.7) (layer B.CrtYd) (width 0.05))
    (fp_line (start -4.6 -3.9) (end -4.6 2.7) (layer B.CrtYd) (width 0.05))
    (fp_line (start 3.75 -3.35) (end -3.75 -3.35) (layer B.Fab) (width 0.1))
    (fp_line (start 3.75 1.65) (end 3.75 -3.35) (layer B.Fab) (width 0.1))
    (fp_line (start -3.75 1.65) (end 3.75 1.65) (layer B.Fab) (width 0.1))
    (fp_line (start -3.75 -3.35) (end -3.75 1.65) (layer B.Fab) (width 0.1))
    (fp_line (start 3.81 -2.34) (end 3.81 -2.6) (layer B.SilkS) (width 0.12))
    (fp_line (start 3.81 1.71) (end 3.81 -0.06) (layer B.SilkS) (width 0.12))
    (fp_line (start -3.81 1.71) (end -3.43 1.71) (layer B.SilkS) (width 0.12))
    (fp_line (start -3.81 -0.06) (end -3.81 1.71) (layer B.SilkS) (width 0.12))
    (fp_line (start -3.81 -2.6) (end -3.81 -2.34) (layer B.SilkS) (width 0.12))
    (fp_line (start -3.25 -2.65) (end 3.25 -2.65) (layer B.Fab) (width 0.1))
    (fp_text user "PCB Edge" (at 0 -2.414 -90) (layer Dwgs.User)
      (effects (font (size 0.4 0.4) (thickness 0.04)))
    )
    (fp_text user %R (at 0 -1.2 90) (layer B.Fab)
      (effects (font (size 1 1) (thickness 0.15)) (justify mirror))
    )
    (pad 1 smd rect (at -1.3 1.46 90) (size 0.45 1.38) (layers B.Cu B.Paste B.Mask)
      (net 2 +5V))
    (pad 2 smd rect (at -0.65 1.46 90) (size 0.45 1.38) (layers B.Cu B.Paste B.Mask))
    (pad 3 smd rect (at 0 1.46 90) (size 0.45 1.38) (layers B.Cu B.Paste B.Mask))
    (pad 4 smd rect (at 0.65 1.46 90) (size 0.45 1.38) (layers B.Cu B.Paste B.Mask))
    (pad 5 smd rect (at 1.3 1.46 90) (size 0.45 1.38) (layers B.Cu B.Paste B.Mask)
      (net 1 GND))
    (pad 6 smd rect (at -2.4625 1.1 90) (size 1.475 2.1) (layers B.Cu B.Paste B.Mask)
      (net 1 GND))
    (pad 6 smd rect (at 2.4625 1.1 90) (size 1.475 2.1) (layers B.Cu B.Paste B.Mask)
      (net 1 GND))
    (pad 6 smd rect (at -3.31 -1.2 90) (size 2 1.9) (layers B.Cu B.Paste B.Mask)
      (net 1 GND))
    (pad 6 smd rect (at 3.41 -1.2 90) (size 2 1.9) (layers B.Cu B.Paste B.Mask)
      (net 1 GND))
    (pad 6 smd rect (at -0.84 -1.2 90) (size 1.175 1.9) (layers Eco1.User))
    (pad 6 smd rect (at 0.84 -1.2 90) (size 1.175 1.9) (layers Eco1.User))
    (model ${KISYS3DMOD}/Connector_USB.3dshapes/USB_Micro-B_Molex_47346-0001.wrl
      (at (xyz 0 0 0))
      (scale (xyz 1 1 1))
      (rotate (xyz 0 0 0))
    )
  )

  (module Resistor_SMD:R_0603_1608Metric_Pad1.05x0.95mm_HandSolder (layer B.Cu) (tedit 5B301BBD) (tstamp 5B98811F)
    (at 84.8046 54.9974 180)
    (descr "Resistor SMD 0603 (1608 Metric), square (rectangular) end terminal, IPC_7351 nominal with elongated pad for handsoldering. (Body size source: http://www.tortai-tech.com/upload/download/2011102023233369053.pdf), generated with kicad-footprint-generator")
    (tags "resistor handsolder")
    (path /5B12B3CC)
    (attr smd)
    (fp_text reference R1 (at 0 1.43 180) (layer B.SilkS)
      (effects (font (size 1 1) (thickness 0.15)) (justify mirror))
    )
    (fp_text value 1K (at 0 -1.43 180) (layer B.Fab)
      (effects (font (size 1 1) (thickness 0.15)) (justify mirror))
    )
    (fp_line (start 1.65 -0.73) (end -1.65 -0.73) (layer B.CrtYd) (width 0.05))
    (fp_line (start 1.65 0.73) (end 1.65 -0.73) (layer B.CrtYd) (width 0.05))
    (fp_line (start -1.65 0.73) (end 1.65 0.73) (layer B.CrtYd) (width 0.05))
    (fp_line (start -1.65 -0.73) (end -1.65 0.73) (layer B.CrtYd) (width 0.05))
    (fp_line (start -0.171267 -0.51) (end 0.171267 -0.51) (layer B.SilkS) (width 0.12))
    (fp_line (start -0.171267 0.51) (end 0.171267 0.51) (layer B.SilkS) (width 0.12))
    (fp_line (start 0.8 -0.4) (end -0.8 -0.4) (layer B.Fab) (width 0.1))
    (fp_line (start 0.8 0.4) (end 0.8 -0.4) (layer B.Fab) (width 0.1))
    (fp_line (start -0.8 0.4) (end 0.8 0.4) (layer B.Fab) (width 0.1))
    (fp_line (start -0.8 -0.4) (end -0.8 0.4) (layer B.Fab) (width 0.1))
    (fp_text user %R (at 0 0 180) (layer B.Fab)
      (effects (font (size 0.4 0.4) (thickness 0.06)) (justify mirror))
    )
    (pad 2 smd roundrect (at 0.875 0 180) (size 1.05 0.95) (layers B.Cu B.Paste B.Mask) (roundrect_rratio 0.25)
      (net 24 "Net-(D1-Pad1)"))
    (pad 1 smd roundrect (at -0.875 0 180) (size 1.05 0.95) (layers B.Cu B.Paste B.Mask) (roundrect_rratio 0.25)
      (net 20 Stdby))
    (model ${KISYS3DMOD}/Resistor_SMD.3dshapes/R_0603_1608Metric.wrl
      (at (xyz 0 0 0))
      (scale (xyz 1 1 1))
      (rotate (xyz 0 0 0))
    )
  )

  (module Resistor_SMD:R_0603_1608Metric_Pad1.05x0.95mm_HandSolder (layer B.Cu) (tedit 5B301BBD) (tstamp 5B988130)
    (at 75.8296 55.0034 180)
    (descr "Resistor SMD 0603 (1608 Metric), square (rectangular) end terminal, IPC_7351 nominal with elongated pad for handsoldering. (Body size source: http://www.tortai-tech.com/upload/download/2011102023233369053.pdf), generated with kicad-footprint-generator")
    (tags "resistor handsolder")
    (path /5B12B36D)
    (attr smd)
    (fp_text reference R2 (at 0 1.43) (layer B.SilkS)
      (effects (font (size 1 1) (thickness 0.15)) (justify mirror))
    )
    (fp_text value 1K (at 0 -1.43) (layer B.Fab)
      (effects (font (size 1 1) (thickness 0.15)) (justify mirror))
    )
    (fp_line (start -0.8 -0.4) (end -0.8 0.4) (layer B.Fab) (width 0.1))
    (fp_line (start -0.8 0.4) (end 0.8 0.4) (layer B.Fab) (width 0.1))
    (fp_line (start 0.8 0.4) (end 0.8 -0.4) (layer B.Fab) (width 0.1))
    (fp_line (start 0.8 -0.4) (end -0.8 -0.4) (layer B.Fab) (width 0.1))
    (fp_line (start -0.171267 0.51) (end 0.171267 0.51) (layer B.SilkS) (width 0.12))
    (fp_line (start -0.171267 -0.51) (end 0.171267 -0.51) (layer B.SilkS) (width 0.12))
    (fp_line (start -1.65 -0.73) (end -1.65 0.73) (layer B.CrtYd) (width 0.05))
    (fp_line (start -1.65 0.73) (end 1.65 0.73) (layer B.CrtYd) (width 0.05))
    (fp_line (start 1.65 0.73) (end 1.65 -0.73) (layer B.CrtYd) (width 0.05))
    (fp_line (start 1.65 -0.73) (end -1.65 -0.73) (layer B.CrtYd) (width 0.05))
    (fp_text user %R (at 0 0) (layer B.Fab)
      (effects (font (size 0.4 0.4) (thickness 0.06)) (justify mirror))
    )
    (pad 1 smd roundrect (at -0.875 0 180) (size 1.05 0.95) (layers B.Cu B.Paste B.Mask) (roundrect_rratio 0.25)
      (net 21 Chrg))
    (pad 2 smd roundrect (at 0.875 0 180) (size 1.05 0.95) (layers B.Cu B.Paste B.Mask) (roundrect_rratio 0.25)
      (net 25 "Net-(D2-Pad1)"))
    (model ${KISYS3DMOD}/Resistor_SMD.3dshapes/R_0603_1608Metric.wrl
      (at (xyz 0 0 0))
      (scale (xyz 1 1 1))
      (rotate (xyz 0 0 0))
    )
  )

  (module Resistor_SMD:R_0603_1608Metric_Pad1.05x0.95mm_HandSolder (layer B.Cu) (tedit 5B301BBD) (tstamp 5B988141)
    (at 78.8546 41.5034)
    (descr "Resistor SMD 0603 (1608 Metric), square (rectangular) end terminal, IPC_7351 nominal with elongated pad for handsoldering. (Body size source: http://www.tortai-tech.com/upload/download/2011102023233369053.pdf), generated with kicad-footprint-generator")
    (tags "resistor handsolder")
    (path /5B12B693)
    (attr smd)
    (fp_text reference R3 (at 0 1.43) (layer B.SilkS)
      (effects (font (size 1 1) (thickness 0.15)) (justify mirror))
    )
    (fp_text value 5K (at 0 -1.43) (layer B.Fab)
      (effects (font (size 1 1) (thickness 0.15)) (justify mirror))
    )
    (fp_line (start -0.8 -0.4) (end -0.8 0.4) (layer B.Fab) (width 0.1))
    (fp_line (start -0.8 0.4) (end 0.8 0.4) (layer B.Fab) (width 0.1))
    (fp_line (start 0.8 0.4) (end 0.8 -0.4) (layer B.Fab) (width 0.1))
    (fp_line (start 0.8 -0.4) (end -0.8 -0.4) (layer B.Fab) (width 0.1))
    (fp_line (start -0.171267 0.51) (end 0.171267 0.51) (layer B.SilkS) (width 0.12))
    (fp_line (start -0.171267 -0.51) (end 0.171267 -0.51) (layer B.SilkS) (width 0.12))
    (fp_line (start -1.65 -0.73) (end -1.65 0.73) (layer B.CrtYd) (width 0.05))
    (fp_line (start -1.65 0.73) (end 1.65 0.73) (layer B.CrtYd) (width 0.05))
    (fp_line (start 1.65 0.73) (end 1.65 -0.73) (layer B.CrtYd) (width 0.05))
    (fp_line (start 1.65 -0.73) (end -1.65 -0.73) (layer B.CrtYd) (width 0.05))
    (fp_text user %R (at 0 0) (layer B.Fab)
      (effects (font (size 0.4 0.4) (thickness 0.06)) (justify mirror))
    )
    (pad 1 smd roundrect (at -0.875 0) (size 1.05 0.95) (layers B.Cu B.Paste B.Mask) (roundrect_rratio 0.25)
      (net 22 "Net-(R3-Pad1)"))
    (pad 2 smd roundrect (at 0.875 0) (size 1.05 0.95) (layers B.Cu B.Paste B.Mask) (roundrect_rratio 0.25)
      (net 1 GND))
    (model ${KISYS3DMOD}/Resistor_SMD.3dshapes/R_0603_1608Metric.wrl
      (at (xyz 0 0 0))
      (scale (xyz 1 1 1))
      (rotate (xyz 0 0 0))
    )
  )

  (module Resistor_SMD:R_0603_1608Metric_Pad1.05x0.95mm_HandSolder (layer B.Cu) (tedit 5B301BBD) (tstamp 5B988152)
    (at 75.2796 47.4784 90)
    (descr "Resistor SMD 0603 (1608 Metric), square (rectangular) end terminal, IPC_7351 nominal with elongated pad for handsoldering. (Body size source: http://www.tortai-tech.com/upload/download/2011102023233369053.pdf), generated with kicad-footprint-generator")
    (tags "resistor handsolder")
    (path /5B12E6F3)
    (attr smd)
    (fp_text reference R4 (at 0 1.43 270) (layer B.SilkS)
      (effects (font (size 1 1) (thickness 0.15)) (justify mirror))
    )
    (fp_text value 1K (at 0 -1.43 270) (layer B.Fab)
      (effects (font (size 1 1) (thickness 0.15)) (justify mirror))
    )
    (fp_line (start 1.65 -0.73) (end -1.65 -0.73) (layer B.CrtYd) (width 0.05))
    (fp_line (start 1.65 0.73) (end 1.65 -0.73) (layer B.CrtYd) (width 0.05))
    (fp_line (start -1.65 0.73) (end 1.65 0.73) (layer B.CrtYd) (width 0.05))
    (fp_line (start -1.65 -0.73) (end -1.65 0.73) (layer B.CrtYd) (width 0.05))
    (fp_line (start -0.171267 -0.51) (end 0.171267 -0.51) (layer B.SilkS) (width 0.12))
    (fp_line (start -0.171267 0.51) (end 0.171267 0.51) (layer B.SilkS) (width 0.12))
    (fp_line (start 0.8 -0.4) (end -0.8 -0.4) (layer B.Fab) (width 0.1))
    (fp_line (start 0.8 0.4) (end 0.8 -0.4) (layer B.Fab) (width 0.1))
    (fp_line (start -0.8 0.4) (end 0.8 0.4) (layer B.Fab) (width 0.1))
    (fp_line (start -0.8 -0.4) (end -0.8 0.4) (layer B.Fab) (width 0.1))
    (fp_text user %R (at 0 0 270) (layer B.Fab)
      (effects (font (size 0.4 0.4) (thickness 0.06)) (justify mirror))
    )
    (pad 2 smd roundrect (at 0.875 0 90) (size 1.05 0.95) (layers B.Cu B.Paste B.Mask) (roundrect_rratio 0.25)
      (net 2 +5V))
    (pad 1 smd roundrect (at -0.875 0 90) (size 1.05 0.95) (layers B.Cu B.Paste B.Mask) (roundrect_rratio 0.25)
      (net 27 "Net-(R4-Pad1)"))
    (model ${KISYS3DMOD}/Resistor_SMD.3dshapes/R_0603_1608Metric.wrl
      (at (xyz 0 0 0))
      (scale (xyz 1 1 1))
      (rotate (xyz 0 0 0))
    )
  )

  (module Package_SO:SOIC-20W_7.5x12.8mm_P1.27mm locked (layer F.Cu) (tedit 5A02F2D3) (tstamp 5B988164)
    (at 79.3496 46.0502 90)
    (descr "20-Lead Plastic Small Outline (SO) - Wide, 7.50 mm Body [SOIC] (see Microchip Packaging Specification 00000049BS.pdf)")
    (tags "SOIC 1.27")
    (path /5B8BDE0F)
    (attr smd)
